0.055448115
0.99600935
0.97515273
0.684804
0.9947466
0.9948025
0.9380004
0.00014039874
0.99244606
0.6507483
0.2304137
0.9614202
0.0
0.08171487
6.4373016e-06
0.3236462
0.48693067
0.563569
0.984027
0.9072038
0.74451715
0.7296233
0.9850267
0.9617854
0.6937474
0.1822435
0.98442054
0.85379744
0.05285576
0.927662
0.9498284
0.99661636
0.013636172
0.8955289
0.9995476
0.02036184
0.8923337
0.13403106
0.6968899
0.7733638
0.73742807
0.50527734
0.0
0.07699683
7.0631504e-06
8.940697e-08
0.9284688
0.6599049
0.0042637885
0.98534226
0.45936656
0.07353902
0.00046500564
0.0006761551
0.9895518
0.6943784
0.010856271
0.31553966
0.9096502
0.99099267
0.00023329258
0.00917086
0.92544854
1.9609928e-05
0.9999366
0.051502377
0.93704724
0.4053477
0.071906686
0.0009185374
0.36946166
0.99541515
0.0003105998
0.0
0.9990606
0.9563055
0.0012593865
1.6003847e-05
0.26442045
0.69588846
0.09580961
0.9702349
0.8777671
0.22642457
0.9544087
0.99873734
0.08164117
0.4904948
7.748604e-07
7.4625015e-05
0.9965303
0.9284533
0.58630055
0.20787299
0.745991
0.018759698
0.94393635
0.06488949
2.6524067e-06
0.9341182
7.688999e-06
0.0
0.7899686
0.0024751425
0.00059631467
0.9991921
0.9881313
0.094243705
0.8697858
0.9723316
0.920104
0.011717111
0.78640914
0.55560243
0.99406755
0.7363788
0.16907358
0.07678443
0.07244891
0.0005287826
0.4312148
0.98193276
0.9728786
0.4088392
0.5552309
0.9608012
0.9265853
1.758337e-06
0.01787126
0.2941921
0.989145
3.6388636e-05
0.37665147
0.0066946447
0.74755424
0.9998463
0.906402
0.66680783
0.034755558
0.9798801
0.99869084
0.26775098
0.039527178
0.52809954
0.1751906
0.65671664
0.008768946
2.1755695e-06
0.9703151
0.574158
0.6210406
0.7395498
0.23915654
0.0072490573
0.9997791
0.76208246
0.0018577278
0.00841856
0.9782276
2.4914742e-05
0.994459
0.9669922
0.0021164715
0.12351403
0.00022917986
8.940697e-08
0.9831054
0.8249462
0.0001988411
0.0004988909
0.99348235
0.002922982
0.01132521
0.99405634
0.65563977
0.36259207
0.98869616
0.9705664
0.94233954
0.81230193
0.16026199
0.9900261
0.31743392
0.46231893
0.9131337
0.29834735
0.99976563
0.14530036
0.93644387
0.22175905
0.9863157
0.025976479
0.9086076
0.84738886
0.20019329
0.9005663
0.99950296
0.9997691
4.7683716e-07
0.36072183
7.748604e-07
0.45879942
0.93248516
0.3868962
0.109089136
0.8854219
0.9068363
0.07085946
0.7748857
0.00022396445
0.99684024
0.81248266
0.98992836
0.30964762
1.859665e-05
0.99756366
0.9513468
0.9674095
0.9846531
0.00017303228
0.9884621
0.81876963
0.9920917
0.0021306872
0.99932325
0.9973061
0.95362103
0.84761006
1.1920929e-07
0.18664077
0.13111374
0.0010969043
0.65890855
0.5957875
0.9926683
0.9907887
0.9572303
0.9395375
0.9987418
0.9575962
0.39098856
1.347065e-05
0.8614794
0.99330294
0.846743
0.004885286
0.27611935
0.1093812
0.004972428
0.9636537
0.99183977
0.4396254
0.00034490228
0.031460285
0.8487395
0.97703254
0.9610466
0.990457
0.8760936
0.7210671
0.0004567802
0.0019849539
0.800678
1.1026859e-06
0.99627745
0.35457933
0.58598816
0.9897511
0.969245
0.19036737
0.5293394
1.7881393e-07
0.9993933
0.99513495
0.9170555
0.9996434
0.6818963
0.9637776
0.020166367
0.2830729
0.98165905
0.84801424
0.7538147
0.8287024
0.98932695
0.91655993
0.0024706125
0.90891063
0.98606074
0.18659464
0.00013715029
0.629175
0.941368
0.002049327
0.954436
0.0
0.9997359
0.7842169
0.00019982457
0.16449216
0.029380232
0.87361795
0.978466
0.9187269
0.74448556
0.9986917
0.5567495
1.692772e-05
0.0013833642
0.4856614
0.9827689
0.7888739
0.935812
1.9848347e-05
9.328127e-05
0.0046753287
0.7597766
0.2682703
0.9595454
0.99207795
0.9358334
0.0024871528
0.9987211
0.07798058
1.0430813e-05
0.7260622
0.0038132966
0.7731051
0.019196808
4.1931868e-05
0.0023570955
0.91006446
0.979496
0.023390472
0.69454104
0.53687656
0.927966
0.13278282
0.46888942
0.99996233
0.14042673
0.7412379
0.21552238
0.99914503
0.99577236
0.00058966875
0.90413576
0.76029843
0.0050334036
0.99541867
0.26792723
0.9863607
0.97276235
0.93452704
0.9383302
0.33113113
0.477545
0.035686076
0.06478611
1.1026859e-06
0.005540788
0.31465656
0.078612685
0.6124177
1.2010336e-05
0.9898826
0.23100811
0.8727218
0.98920625
0.3917029
0.6982783
0.23017082
0.61223537
0.4476576
0.8606243
0.0002645254
1.1920929e-07
0.060669154
4.7683716e-07
0.9240209
0.9853127
0.005867243
0.11748952
0.9542851
0.86680055
1.8954277e-05
0.84896356
0.94806993
0.9976497
0.969725
2.2649765e-06
0.028855115
0.004055321
0.0
0.9965818
0.83858705
0.8190268
0.99718547
0.92721725
0.48604152
0.9982561
0.24573514
0.66726774
0.9943763
0.63185465
0.99678445
0.9907966
0.87978804
0.9846443
0.00043609738
0.0003759265
0.00042909384
0.8645702
0.97615874
0.7425267
0.0031796992
0.9865547
0.99908036
0.0
0.0
0.6136111
0.780018
0.9933814
4.172325e-07
0.8532511
0.0
0.16115868
4.261732e-06
0.8167308
0.0017623007
0.6704012
8.940697e-08
8.940697e-08
0.021205395
0.33561057
0.9543701
0.01922825
0.3325339
0.002577722
0.98948455
0.9967767
0.35557684
0.6643249
0.19955969
0.8087119
0.9998851
0.60801095
0.9822516
0.91681194
0.55784684
2.9802322e-07
0.5825354
0.58238393
5.9604645e-08
0.9996815
0.9625604
0.9622613
0.99548185
0.78183407
0.99600387
0.91033745
0.0129005015
0.7841219
0.9924771
0.8792452
9.268522e-06
0.0006904006
0.8116329
0.8806927
0.0153158605
0.00092065334
0.99508345
7.56681e-05
0.48914358
0.013355285
0.4045937
2.9802322e-08
0.0005353689
0.993839
3.4034252e-05
3.5762787e-07
0.9280504
0.0
0.10486889
0.14845952
0.5155461
0.091997415
0.008636296
0.0018599629
0.33966756
0.99805665
3.5494566e-05
0.0067486167
0.9023075
0.90723634
0.07797387
0.00033164024
0.00016057491
0.9922518
9.4771385e-05
0.9770688
0.56384414
0.9694109
0.03661391
0.8371264
0.9804466
0.13614428
0.3427971
0.98163176
0.9681599
0.97096205
0.966249
0.8917436
0.9769629
0.99012697
0.27946168
0.9480932
0.99999696
0.70958793
0.006916374
0.99930274
0.023786426
0.8824992
0.9633316
0.057567447
0.9887405
0.025632322
0.99561375
0.9947655
0.0
0.9936491
0.99381995
0.7775024
1.8328428e-05
0.0089612305
0.9704408
0.97162783
2.115965e-06
0.6261408
0.9839023
0.70380497
0.004199922
0.0009098649
0.95493615
0.4408896
0.9453912
0.0051817894
0.06850302
0.4274165
0.06277186
0.88047504
0.06817746
0.010215193
0.5697712
1.013279e-06
0.9201157
0.6666444
0.51978266
0.9483509
0.9130049
0.79418004
6.854534e-07
2.3841858e-07
0.90733844
0.44951946
0.8443124
0.004756421
0.90903544
0.95705765
0.9969094
0.2911351
0.24602559
0.9767647
0.37306756
0.85411173
0.062258333
0.00017735362
0.69326335
0.003663659
0.97852534
0.5149298
0.743299
0.9999069
0.9556
0.00061526895
0.017226994
7.1525574e-07
0.9196991
3.0249357e-05
0.00018078089
0.5001077
0.048289835
0.6993371
0.71893466
0.16867271
0.0011811554
0.9784591
0.2449466
0.0018527508
0.9946849
0.001428932
0.96761006
0.03163618
0.9909861
0.7227403
0.7316787
0.9817464
0.3702881
0.74320185
0.9842389
0.016431749
0.9303988
0.2549622
0.010170817
3.993511e-06
0.88528275
0.9937367
4.515052e-05
0.17547128
0.00025731325
4.646182e-05
0.99420065
0.32795787
0.024852335
0.85937876
0.8914616
0.3875363
0.1480602
0.99218094
0.8416165
0.9933169
0.011348397
0.9991286
0.108499706
0.0008253157
0.01605168
0.3695349
0.15147987
1.4007092e-06
0.0012661815
0.0
0.9982647
0.96997046
0.77433723
0.98690355
0.9896083
0.00010740757
0.60571194
0.307259
0.19224024
0.87974244
0.0003774464
0.15526196
0.0066843033
0.027365357
0.0049755275
0.95073134
0.95565194
0.96935064
0.0021983087
0.58455074
0.62416106
0.9841213
0.6018467
0.61466503
9.068847e-05
0.7741765
0.92796123
0.07415727
0.99563754
0.4285844
0.005930871
5.9604645e-07
0.0059776306
4.6610832e-05
0.97047746
0.0030317903
0.98212975
0.0010014474
0.034888655
0.8489715
0.01000312
0.80525684
0.8660393
0.9628283
0.9926385
0.25500703
0.78125286
0.9800346
0.97333705
0.9863657
0.0003348887
0.99354035
0.19350615
0.99203736
0.41948223
2.3841858e-07
0.19963232
0.8342857
0.9857902
1.8537045e-05
0.023707002
0.16896826
0.8236135
0.9749317
0.12103808
0.5716677
0.002727449
0.5632149
0.9962758
0.0018599927
0.99705744
0.99895346
0.25183666
0.96723753
0.37871662
0.0008741617
0.5487282
0.89488924
0.84897935
0.97361076
0.54804236
0.8267435
0.0045804977
0.5739507
0.920826
2.2858381e-05
0.9609113
0.00042888522
0.94975436
0.6544147
6.556511e-06
0.96745044
0.9939165
0.9102138
0.0008761287
1.1533499e-05
0.7954779
0.00045716763
0.99815536
0.9985422
0.8767811
0.8562236
0.97443557
0.7319968
0.02650994
5.6028366e-05
0.9800698
0.48248923
0.31116438
0.18571568
0.8714272
0.0049540997
0.4006956
0.98996764
0.9970578
0.008053571
0.9779325
0.9641844
0.94275093
0.030944198
0.00029426813
0.87855685
1.7881393e-07
0.9846283
0.008187413
6.2286854e-06
0.989837
4.172325e-07
0.0010567904
0.0010761321
0.92887235
0.00028285384
0.6808899
0.97741723
1.013279e-06
0.016861856
0.6102423
0.6709932
0.9987878
0.07029274
0.98274416
0.36806798
0.88952494
0.96128446
0.98570895
0.99760944
0.0025839508
0.6502385
0.015388608
0.24721003
3.260374e-05
0.76459
0.9997215
0.014578253
0.70222217
0.13106492
0.9102907
0.9643497
0.9127791
0.9727949
0.9577496
0.0026257038
0.40190405
0.97892797
0.44514638
0.6435521
0.99843925
0.97629476
0.15793553
0.01021257
0.7071984
0.054084897
0.99905676
0.72787607
0.9726407
0.6007031
2.9802322e-08
0.26440188
1.6093254e-06
0.995188
0.5039
0.0035724938
0.32302153
0.9646026
0.26015657
0.5350764
8.940697e-08
0.00037628412
0.89509165
0.5361549
0.00022596121
0.81934905
0.96405584
0.00056937337
0.26592344
0.58445865
0.9984432
0.63464624
0.9860424
0.0009138286
0.1315183
0.0831438
0.19989803
0.91940093
0.05218497
0.5546733
0.9964037
0.11231619
0.7420308
0.62686664
0.9253439
0.8800441
0.008759707
0.00019904971
0.99845624
0.96259296
0.63908625
0.06815818
0.9994943
0.6327561
0.48647934
0.34847742
0.9597434
0.9696119
0.014409602
0.98890007
0.116692424
0.82882845
0.9991123
0.9432366
0.9930351
1.3709068e-05
0.95806205
0.96345556
0.5390199
0.6655285
0.20012954
0.09044382
0.8720206
0.8602644
6.574392e-05
0.0751434
0.11075652
0.82136637
0.31086498
0.81387246
0.8776822
0.00010970235
0.75703466
0.9198593
0.08212361
0.94059324
0.7973511
0.5594363
0.19204873
0.9997306
0.9633205
0.8894985
0.99616176
0.0
0.14481834
0.7597168
0.99905187
0.24948528
0.008419126
0.9968053
0.99905884
0.74896854
0.12479645
0.8901533
0.7056505
0.3746515
0.7488667
0.2991681
0.9941031
0.060590476
0.9868242
0.2511195
0.82735085
0.94921243
0.990835
0.32148474
0.99688244
0.9775092
0.08397472
0.002893746
0.23248869
3.2782555e-07
0.2656104
0.597231
0.51952076
0.6570543
0.9458561
0.87610364
0.6236002
0.99421114
0.35522163
0.005690038
0.90987754
0.9201355
0.9710388
0.8631745
0.98890924
0.0004892051
0.96440923
0.006511688
0.19391218
0.0
0.8961284
0.96752846
0.009524524
0.9777316
0.973109
0.9818017
0.4204768
0.9905622
0.9689251
0.9281697
0.6138669
0.09954128
0.42275357
0.9865326
0.9245119
0.0024271011
0.9637029
0.99652326
0.7811309
0.8535575
0.9303216
0.0050934255
0.005836159
0.016730279
0.88577497
0.9700811
0.99692994
0.023480684
0.44265273
0.002275169
0.9989743
0.6715377
0.039942503
0.95400846
2.8908253e-05
0.6986693
0.0008299649
0.1886014
0.0015768111
0.6479908
3.2782555e-07
0.94881594
1.5795231e-06
1.8179417e-06
0.9189069
0.0032063425
0.7728634
0.020424932
0.014202297
8.940697e-08
0.97737515
0.56309056
0.8263359
0.97913915
0.035421878
0.9651065
1.7613173e-05
1.0639429e-05
0.53031015
0.99063385
0.68941545
0.0049435496
0.00042885542
0.9196514
0.11064589
0.0005916357
0.0042152703
0.3507795
0.99578774
0.0028333366
0.9714577
0.008669198
8.940697e-08
0.9988829
0.4525086
0.16078049
0.27512103
0.01678899
0.9997984
0.8854523
0.00078225136
0.18895629
0.9965982
0.9816096
0.00013914704
0.066589415
0.99999416
0.66935146
0.01995477
0.5221952
0.023930669
0.25215536
0.25826597
0.5668506
0.9989965
0.8750268
0.87478125
0.0043468773
0.9658327
0.89847815
0.70308954
0.72798556
0.010721952
0.3500945
0.25176212
0.94333243
0.9779795
0.10971096
0.014507949
0.8942231
0.9991909
0.0
0.122707784
0.7117281
8.481741e-05
0.004008144
0.07358384
0.014863402
0.87971556
0.9586626
0.009982735
0.93502975
0.18798468
0.8914616
0.081701905
0.9211031
2.8908253e-06
0.8694191
0.99975836
0.008993149
0.4979054
0.7028909
0.13142109
0.99762475
0.9723141
0.15769851
0.22078928
0.7088788
0.00187096
0.9129419
0.00019183755
0.048155963
0.17522475
0.9603405
0.9976778
0.77490664
1.7881393e-07
0.34907824
0.8877929
0.2636155
0.9770713
0.9972195
8.761883e-06
0.9195261
0.811285
0.008680612
1.7881393e-07
0.98589003
0.58914274
0.73847175
0.9892536
0.0066278577
0.05682391
0.940132
0.02185905
0.92257977
0.9070166
0.0018004179
0.9977271
0.23385361
0.9720262
0.999816
0.1969462
0.99602497
0.99977076
0.5792241
0.0
0.97845185
0.78609926
0.6060939
0.9799211
0.99923825
0.93571234
0.1956977
0.29651374
0.000159055
0.96911097
0.9980198
0.014858276
0.0032820404
0.99260587
0.9237422
0.35344422
0.4483836
0.99729437
0.47468054
0.952953
0.9746272
0.9887646
0.00077852607
0.10137847
0.98634505
0.9485193
0.0012741387
0.93697107
0.8146405
0.5348723
0.009284437
0.38358378
0.98732996
0.58282846
0.20964378
0.93517566
0.9981274
0.9983365
0.9965551
0.00034067035
8.225441e-06
6.0230494e-05
0.9267578
0.31839716
0.01922825
0.08169693
0.9440373
0.97648203
0.97180235
0.0019439757
0.9081043
0.116576046
0.9345411
0.044420153
0.53282994
5.751848e-06
2.861023e-06
0.36152583
0.99559176
0.0056036115
0.5104148
0.82542276
0.99838847
0.35247552
0.0022913516
0.33706844
2.5689602e-05
0.98930556
0.9980768
0.78802156
0.0007701516
0.99990296
0.9447215
0.8838028
1.1622906e-06
0.99974215
0.92389274
0.99239427
0.9894982
0.9138396
0.0065111816
0.11812016
0.7968673
0.31630462
0.00016862154
0.96922064
0.639347
0.8476522
0.014457315
0.73820174
0.984209
0.85630333
0.75596
0.00019398332
0.45541206
0.002865374
0.0093792975
0.9947077
0.9413987
0.7532832
0.050766796
0.017042905
0.92141235
0.98383975
0.22221065
0.6483319
0.9562557
0.89338636
0.991535
0.9929081
0.99856865
0.016552895
0.9972602
0.99909997
0.135393
0.99230933
0.47968554
0.6470549
0.99400663
0.0
0.003986895
0.17563623
0.57001096
0.9133285
0.5195558
0.062288225
0.20646682
0.0006865859
0.0014160872
0.0
0.9254321
0.9122023
0.8594146
0.4654288
0.6279102
0.01279825
0.013318837
0.99857914
0.055423975
0.9642073
0.0816035
0.017724007
0.13444915
0.11526334
0.00060877204
0.026586682
1.180172e-05
0.85547316
0.8606852
0.09353915
0.8883512
0.057599396
0.97066116
0.26553833
0.00045660138
0.8666477
0.00066274405
0.5169121
0.9523135
2.4020672e-05
0.0007110238
0.031332552
0.98518085
0.64436615
0.9829346
0.11745578
0.9918541
0.4404961
0.67187345
0.92150545
0.08802122
0.41555756
0.9744723
0.23392618
0.22180355
0.99979854
0.7666894
0.9082101
0.6438334
0.46471435
0.0061635077
0.9995217
0.9775901
0.9774581
0.9735911
0.68710136
0.019494802
0.9969969
0.08144137
0.8794911
0.31172878
0.42092243
0.00034829974
0.31341928
0.985007
0.9768317
0.41924584
0.5266935
0.83896136
0.19341105
0.9834227
0.89513683
0.59405404
1.5497208e-06
0.05073893
0.12758511
3.1113625e-05
0.851388
0.98513794
0.024558038
0.9528654
0.94316673
0.0046762526
0.9442108
3.0308962e-05
0.0
0.002927184
0.9970448
0.0045978725
0.617574
0.99797386
0.00056549907
0.9800085
0.6115247
0.6545313
0.03433457
0.7400459
0.84515035
0.04428935
0.9783674
0.9307231
3.8444996e-05
0.9885413
0.98179716
0.0005632937
0.3579822
0.9697217
0.6238044
0.9838505
0.106137216
0.10868916
0.99966264
0.98410517
0.9945164
0.32668698
0.13994294
0.19004267
0.9596571
0.00071394444
0.8573567
0.08240405
0.7931956
0.9820754
0.91531026
0.5235716
0.9998343
0.36291933
0.73443323
0.0050115883
0.21429014
0.977117
0.90708977
2.9802322e-07
0.9376991
0.9733025
0.822378
0.73324394
0.9270213
5.3346157e-05
5.9604645e-08
0.992798
0.0008971393
0.9972254
0.99989045
5.8978796e-05
0.012801081
0.73898953
1.7881393e-07
0.99939346
0.63009715
0.009642661
0.5434181
0.9993366
0.99979115
0.9990107
0.85656583
0.37642106
0.77177536
3.874302e-07
0.00046390295
6.854534e-07
0.99997437
0.00011083484
0.3558739
0.44287908
0.57602143
0.8977113
0.19063663
0.90379214
0.92548114
0.36155027
0.0003501475
0.71934754
0.8664497
8.34465e-07
0.97390234
0.019207507
0.6936573
0.42729044
0.9999734
0.9964247
5.3048134e-06
0.9927132
0.77633953
0.5438584
0.8966132
0.43504006
0.6462195
0.5589333
0.9197531
0.8759711
0.00044628978
3.990531e-05
0.8894385
0.12771615
0.98726904
3.1888485e-06
0.9970051
0.9119514
0.114133894
0.9047481
0.24521598
0.9982201
0.99594116
0.28223902
0.015183777
0.0037183166
0.9956881
0.96011686
0.9572691
0.6885476
0.93699145
0.99561036
0.016286284
0.0
0.008705974
8.675456e-05
0.99645233
0.8443763
0.9616928
0.9914957
0.17549297
0.91846716
0.8335642
0.011160463
0.95290744
0.9300841
0.99792045
3.6537647e-05
0.002656132
0.017096847
4.172325e-07
0.0
0.054462135
0.99998736
0.9866144
0.2661112
0.006672919
3.695488e-06
4.801154e-05
0.90924823
0.0
0.00012713671
0.64169306
0.97443664
0.7350864
0.020887673
0.99933815
0.6150486
0.121925026
0.782496
1.347065e-05
0.00019565225
0.9737599
0.3281328
0.25712633
0.9989443
0.99837816
0.99153084
0.0006990433
0.08910748
0.13023153
0.8983576
0.00016245246
0.021584183
0.3981066
0.0007304847
0.20667186
0.14290252
7.8082085e-06
0.24794021
0.0046982765
0.063833356
0.98739666
0.00015184283
0.39930177
0.2163192
0.06000638
0.95565027
0.6077946
0.97242546
0.70961106
0.0023669302
0.0027148128
0.021779299
0.00026518106
0.0035867393
0.413221
0.25660774
0.9930434
0.018557638
0.32019305
0.0054897964
0.9311096
0.9954156
0.9519434
0.16482097
0.18576407
0.9509098
0.0029550195
0.7788731
0.9984951
0.67446774
0.9894477
0.9827292
0.2663474
0.8858539
0.7124029
0.8584365
0.96588707
1.3113022e-06
0.0
0.9611434
0.2028164
0.95446926
0.0006032884
0.3485083
0.9886325
0.9702946
0.020650178
0.8099212
0.8713273
0.86763185
0.17738068
1.5884638e-05
3.1590462e-06
0.9894445
0.21639672
0.9732109
0.18261185
9.396672e-05
0.43808675
0.0035268068
0.05311951
0.95868075
0.45238906
0.97417593
9.8735094e-05
0.9532705
0.28499115
0.9983585
0.9992713
0.9863473
0.0058416724
0.9447646
0.89882684
0.9486247
0.9805238
0.97856045
0.063920915
0.95665544
9.23872e-07
0.09104636
0.905208
0.9223501
0.006131083
0.39588544
0.38867867
0.0040329397
0.9991145
0.2567114
0.7556746
0.8595952
0.18694425
0.99257016
4.544854e-05
0.9707034
0.86901855
0.0011125207
0.12482563
8.404255e-06
0.98180705
0.9934641
7.867813e-06
0.004323095
0.9125583
8.3088875e-05
0.91817284
0.99406606
0.20272678
0.10252842
0.00023242831
0.961823
0.77478707
0.026097715
0.0015151203
0.752303
0.9974383
0.014285773
0.00023648143
0.07636285
0.98537767
0.69212914
0.9281688
0.7684165
0.87993777
0.1017364
0.32586056
0.7773907
0.0007159114
0.9873283
0.9999145
0.021794736
2.3573637e-05
0.02007544
0.770157
0.28438607
0.27467752
0.008255303
0.64622414
0.8487644
0.6142111
2.1249056e-05
0.99606895
0.5198
0.9590466
0.9989399
0.00056380033
0.00041019917
0.011733413
0.9831746
0.0032498538
0.9999685
0.0003515184
0.9976716
0.80074
0.027731061
0.78820455
0.99996656
8.839369e-05
0.9951097
0.5148225
0.013916343
0.7214933
0.00029534101
0.62498987
0.9957899
0.60043114
0.81096447
8.85129e-06
0.9719336
0.98914087
0.23044702
0.63541985
0.0021075308
0.035355628
0.00025084615
0.6961451
0.2867566
5.841255e-06
0.31088895
0.43811995
0.9869915
0.9918413
0.94402444
0.80536765
0.8873383
0.76580113
0.88141716
0.98308194
0.9936216
0.7666842
0.31034333
0.4015021
0.1414454
3.5762787e-07
0.23646086
0.36716107
0.99351025
0.0006208718
0.0059869885
0.0
0.9651718
6.4074993e-06
0.51608527
0.6894761
0.98699605
0.85530573
0.012084663
0.9581783
0.06013021
0.99482495
0.98351276
0.9799093
0.9978759
0.9541874
0.7171981
0.7293794
0.9659777
0.010432243
0.00033283234
8.940697e-08
0.2103258
0.7877235
0.99261427
0.3898632
0.915731
0.00010737777
0.42064077
0.9651358
0.84718704
0.0029282868
0.00040355325
0.9986199
0.8404338
0.034549534
0.944031
0.9286731
0.6368231
0.9991257
0.018389672
0.00014662743
0.047691226
0.21214283
0.9682505
0.14063817
0.0
0.9982437
0.9511297
0.9960482
0.043037385
0.9982761
0.00012862682
0.03463623
0.9938273
0.044460803
0.7924174
0.2374765
0.028687328
5.453825e-06
0.00028023124
0.9649229
0.9999925
0.32655293
8.6426735e-07
0.2612812
0.7889053
0.7096056
0.00026878715
0.0013944507
0.0003245473
0.28034472
0.042678475
0.99464536
0.45605835
0.08461249
0.55151165
0.0035903156
0.039356053
0.0054083467
1.8775463e-06
0.56122404
0.35694575
0.11271301
1.3113022e-06
5.3673983e-05
0.0006298423
7.122755e-06
0.014818519
0.9993572
0.7998713
0.412918
0.0
0.0003376603
0.94565773
0.81795025
0.00091829896
0.019801497
0.97519207
0.8804342
0.9897349
0.24040401
0.7997098
4.7326088e-05
0.0044348836
0.061000288
0.9868873
0.99339616
0.2734543
0.00012639165
4.172325e-07
0.80767405
6.181002e-05
1.2397766e-05
0.89730567
0.9903792
0.99802136
0.99051225
0.7908553
0.010965288
0.9821285
0.0026562512
0.9432132
0.1666497
0.04657349
0.00034579635
0.9591174
0.2057631
0.7493959
0.8413476
0.9320632
0.96627057
0.025941461
0.99699414
0.046839446
0.9665043
0.8276359
0.0026375353
0.9098757
0.013577729
0.022089362
0.1226235
0.67035764
0.9994727
0.912009
0.90527165
0.988757
0.20515403
0.9827472
0.9682423
0.99546516
0.86830974
0.9987768
0.040499985
0.794757
0.9988227
0.84725595
0.17552176
0.0023544133
0.012685537
0.20952746
0.98519063
0.5384443
0.9736674
0.7751901
0.9885429
0.93673414
0.8365091
0.57683265
0.018880665
0.71855724
0.162907
0.46827433
0.7932402
0.78429985
0.95661306
0.36878574
5.8978796e-05
6.660819e-05
0.0010142028
0.24097976
0.7548932
0.19204062
0.16931629
0.6302189
0.9621212
0.99970776
0.07228309
0.7005988
0.9536754
0.8185121
0.2822675
0.9926162
7.149577e-05
0.46246693
0.578734
0.87461936
0.5684583
0.79927933
0.9983075
0.0
0.48908365
0.967824
0.9802364
3.2037497e-05
0.19380939
0.7159735
0.99140567
0.9272944
0.001970321
1.7523766e-05
0.004179865
0.015022874
0.0036836565
0.0098694265
0.01080963
0.90388393
0.098811775
0.032921374
0.99479187
0.9851156
0.78910434
0.94648826
0.023653537
0.9988792
0.9998555
0.84754103
0.4054971
0.9674266
0.96599555
0.60905915
0.006845325
0.99611783
0.9965784
0.0009875596
1.3113022e-06
0.56340337
0.47720328
0.16967434
0.005904734
0.09929046
0.9997885
0.9112909
0.9734359
0.0017113388
0.003919959
0.6106226
0.85244393
0.0029678047
0.00028982759
0.93271685
0.15181568
0.9784018
0.9746206
0.06975877
0.011441469
0.8605875
0.92088854
0.89889693
0.9631557
0.99340695
0.058541805
0.0065634847
0.84987193
0.0012039542
0.002860248
0.45312837
0.2608994
0.9975208
0.97467655
0.9861844
0.30883557
2.5689602e-05
8.7708235e-05
0.98396564
0.97083354
0.86527765
0.14719251
1.9162893e-05
0.25878018
0.007950604
0.0012222826
0.3404061
0.5557799
0.07510179
0.030691773
0.9769789
0.13389465
0.9852234
0.9334247
0.63586116
7.4505806e-07
0.10358769
0.0006328523
0.99155265
0.021975249
0.43066242
0.7259296
0.024195343
0.977461
0.97526115
0.17095149
0.15258482
2.130866e-05
0.6445236
0.98699725
0.6433085
2.7358532e-05
0.95895004
0.43275076
0.14145678
0.11841625
0.00032946467
0.9723699
0.00017392635
0.8506081
0.50495297
0.0005053282
0.00021770597
1.859665e-05
0.9940645
0.000539124
0.029869646
0.41152462
0.9985424
0.8299109
0.7303252
0.0016852617
0.9832323
5.9604645e-08
0.9924433
0.083812654
0.0
0.041110933
4.440546e-06
0.20022997
0.21305144
0.0063453615
0.02190116
0.003954351
0.56375885
0.2366114
0.0005610883
0.9561089
0.034574926
0.7449745
0.8732586
0.943177
0.9483683
0.99989694
0.70754266
0.95728755
0.013136089
0.95063865
0.988281
0.054077953
0.01024732
0.004560262
0.8578067
0.57728255
1.1026859e-05
0.698705
0.8854017
0.008410603
0.11502224
0.7074979
0.811113
0.449494
1.6480684e-05
0.083562165
0.97657835
0.00014320016
0.7409714
0.5354162
0.02251345
0.9193584
0.7505488
0.63681155
0.008768737
0.9334033
0.0002860129
0.9785416
0.3819018
0.008647084
0.18461028
1.2516975e-06
8.940697e-08
0.99911404
0.9961003
0.011923671
0.96345985
2.9474497e-05
0.004247248
0.75340694
1.7881393e-07
0.026358783
0.0
0.7922698
0.034765095
0.43057057
0.97402376
0.00038656592
0.22524989
0.10755482
1.7881393e-07
0.9974835
0.85135275
0.75254405
0.9989141
0.8027603
0.047295958
4.6491623e-06
0.44461057
3.1590462e-06
0.94675773
0.93639857
0.9573828
0.76702106
0.9109382
0.9826094
0.74644756
0.9998033
0.00028303266
0.9987941
0.97326607
0.10049391
0.9472672
0.99402434
0.9932207
0.96952033
0.0006236136
0.8331156
0.98558307
0.9921965
0.999732
0.009922177
0.9857095
0.9998605
0.0015600324
0.91892445
0.3081671
0.12760368
0.19913432
0.90916705
0.9871933
8.940697e-08
0.9942702
0.20965451
0.7117646
0.001427263
0.79167056
0.9185784
5.3048134e-06
0.72212976
0.98560154
0.6089438
0.004629582
0.91086245
0.9995859
0.9651679
1.1920929e-07
0.8798733
0.99478114
0.42717817
0.63257325
0.0030402243
0.0029780567
0.71157455
0.010328084
0.53297764
0.9926709
0.9694928
0.99856263
8.940697e-08
0.94849575
0.9965527
7.0631504e-06
0.049456865
0.99062765
0.84906065
0.97257817
0.00068822503
0.9603566
0.98594725
0.069901645
0.07946584
4.7683716e-07
0.9997431
0.01647821
0.33490324
0.0028380752
0.97463083
8.907914e-05
0.14944267
0.9972623
0.9614475
0.8454958
0.1226235
0.0025798976
0.0010784268
0.7696809
0.06991419
0.8216112
1.3828278e-05
0.8930119
0.98208594
0.025684565
0.9672985
0.21026179
0.07624069
0.37593925
0.99981713
0.7542413
0.9624866
0.17185545
0.7844162
0.9999434
1.9431114e-05
0.98858666
0.02202028
0.0042705834
0.941089
0.007909894
0.99474406
0.05210963
0.9514786
8.0764294e-05
0.9994646
1.4334917e-05
0.9998386
0.90688944
0.5853589
2.720952e-05
0.9040689
0.96977025
5.275011e-06
0.99991465
0.99554145
0.49339396
0.06671953
0.001392901
0.99317634
0.0019588172
0.4220869
0.76005113
7.1525574e-06
0.8962199
0.929893
0.01593116
0.9784862
0.92058045
0.0033552349
0.8312453
0.89365476
0.18944612
6.2167645e-05
0.015653998
0.9930178
0.00011232495
0.0133962035
0.02126801
7.504225e-05
0.7056377
0.9111879
0.6680911
0.549698
0.8306668
0.9719206
5.8621168e-05
0.93673086
0.9527446
0.9988026
0.20726702
0.951244
0.9996717
0.973791
0.9882699
0.013027728
0.00066003203
0.03616309
0.85546076
0.50959635
0.925769
0.9769119
0.9234296
0.9368161
0.9378526
0.0026474893
0.8388341
0.63418365
9.208918e-06
0.00015890598
0.11644739
0.6387197
0.8899981
0.04233262
0.98668957
0.07712513
0.99346185
0.66528356
0.93563044
0.9353814
0.9550246
0.9506322
0.8567072
0.82224965
0.9557413
0.6921975
1.0728836e-06
0.99483234
0.99989426
0.9925221
0.18284169
0.9553651
0.9753206
0.9890684
0.98644
0.39972037
0.6968682
0.769861
0.97513115
0.77084315
0.98356164
5.155802e-06
0.99984103
0.15186787
0.9819288
0.00023654103
0.040554076
0.5981922
0.27418762
0.0021069348
0.0040029287
0.2715721
0.0001270175
0.9817859
0.94339347
0.78027534
0.026116103
0.0028299093
0.56154007
0.87013125
0.0
0.38379186
0.9515462
0.8606378
0.95379275
0.93267715
0.22487375
0.00016334653
0.27077582
0.8632685
0.9996036
0.34818363
0.027070373
0.06928322
0.00079995394
0.9870318
0.05913371
0.8956537
3.6358833e-06
0.99951255
0.04764557
0.93772864
0.24481046
0.52937853
0.001593709
0.049660355
0.70468545
0.9195452
0.9548731
0.010383487
0.20651796
0.9929604
0.68805534
0.23801026
0.95300853
0.3473454
0.9357164
0.9957432
0.0002670884
0.2544865
4.1127205e-06
0.7597003
0.9717808
0.00014582276
0.0039244294
0.54403585
0.99920887
0.9993075
0.5548604
0.9997363
5.8948994e-05
0.05621338
0.9929813
2.8342009e-05
0.96264327
0.9931161
0.99039507
0.754771
0.010289431
0.5354446
0.98248816
0.98989284
0.05326423
0.95894074
0.8167428
0.9968681
0.0011861622
0.992334
0.5303639
0.0006726682
0.85494256
2.3841858e-07
0.010719925
0.07620299
0.33354294
0.99747115
0.7481275
0.0031631887
0.9375959
0.69044244
0.9875592
0.44698492
0.525209
0.21988285
0.99917877
0.9971603
2.0861626e-07
1.3709068e-06
0.98924696
0.9985481
0.99486625
0.9437895
0.99765766
0.73675
0.95239383
0.9360095
0.8839215
0.0997431
0.00056397915
0.67187345
0.8627775
0.3786833
0.0
0.9695813
0.03357911
0.07964936
0.7727555
0.0020841956
0.67745423
0.04128179
0.7625283
0.791917
0.9523161
0.48988593
0.7566892
1.3411045e-06
0.98919153
0.90075564
0.62305367
4.965067e-05
0.6467162
0.00087341666
0.854653
0.19284046
0.062812656
0.99841404
3.886223e-05
0.048207372
0.007942289
0.26216272
0.9730544
2.3841858e-07
0.9253591
0.87531036
1.4662743e-05
0.6620673
0.9756745
0.28506064
0.29513878
7.0929527e-06
0.9092182
0.8542204
0.841583
0.12708241
0.06256345
0.5184725
0.004773706
0.9964987
0.9441212
0.97007525
0.99459946
0.0011868775
0.9982797
0.8182131
0.91863954
0.5889192
0.80000424
0.80735475
0.68456995
0.68320924
0.093488395
0.38432434
0.051514745
0.0022041798
0.56537867
0.11882788
0.65166
0.6909749
0.68016464
0.8877347
0.99572
0.18547106
0.12971121
0.8932029
0.9496388
0.99755836
0.00259614
0.0
0.31111458
0.89300466
0.9622005
0.8644951
0.9909389
0.98531055
0.9950996
0.116827875
0.2209697
0.00048956275
0.41611797
0.6667007
0.0046384037
0.00038674474
0.20341408
0.9566902
0.98835886
0.99276274
0.899449
5.8710575e-06
0.823612
0.13758892
0.7407578
0.9512463
0.9846921
0.9617194
0.986489
0.94453716
0.3060935
0.9109708
2.3961067e-05
0.96168417
0.7973206
0.0008648634
0.6408002
7.748604e-07
0.8364855
0.9378853
0.96944964
0.38429874
0.9989309
0.017613351
1.1533499e-05
0.4751755
0.43381828
0.059694707
0.22914445
0.006404549
0.99878216
0.90805256
0.8114077
0.014267623
0.047819257
0.0007264316
0.9932924
0.9648801
0.982585
0.00018239021
0.92413366
0.32028466
0.6651983
0.013730466
0.8025314
0.046476394
0.9050688
0.07475218
0.7407965
0.042296857
0.0022955835
0.99832314
0.7480618
0.84679663
0.30404335
0.44803134
0.9972443
0.9977813
0.012909859
0.7604269
0.96820205
0.99660385
0.9955071
0.0022877455
0.53197384
0.5048464
0.10408971
0.009364545
0.048692286
0.20987675
0.55676633
2.9802322e-08
0.003812611
0.16669565
0.18759388
0.99874914
0.9673201
0.6384184
1.2636185e-05
0.74835473
0.9584402
0.04227674
0.9806105
0.97751987
7.1525574e-07
8.046627e-07
0.46746102
0.6580219
0.012249857
0.9149546
0.44619465
0.9062698
0.9089915
0.99998116
0.44193083
0.3002413
0.003270924
0.058487713
0.89640325
0.97938615
0.01862225
0.0072158873
0.087362796
0.99428475
0.2980617
0.89238244
0.009560585
0.791978
0.007255912
0.89983386
0.98456854
0.066311955
0.0028203726
0.99894905
0.99988633
0.0015812516
0.007109642
0.0051166713
4.2676926e-05
0.9990536
0.37316853
0.019645661
0.009906083
0.012002438
0.090720475
5.662441e-07
0.98776037
0.98838115
0.0
0.9037836
0.8528764
0.9892724
0.38872457
0.004656464
1.7493963e-05
0.9976816
0.99231714
0.9996033
0.99379826
0.99997824
0.9538561
0.99980366
0.93617225
0.99980426
1.4901161e-07
0.87298524
0.8653803
0.5311234
0.9939363
1.6093254e-06
0.020486772
0.8042873
0.9855564
0.00026503205
0.45750278
2.0861626e-07
0.012879789
0.005590558
0.246306
0.9997885
1.1920929e-07
0.7808916
0.0010564327
0.8824315
0.65339255
0.4898522
0.30403468
0.04162231
0.0023134947
0.7526154
8.940697e-08
0.99924445
0.0580481
0.99516916
2.9802322e-08
0.8503281
0.11154124
0.7808608
0.98205703
6.708503e-05
0.9146746
3.874302e-07
0.018637806
0.59947014
0.33898076
0.1062516
1.1473894e-05
1.347065e-05
0.81661224
0.9465873
0.5387042
0.7654522
0.99973106
0.9994048
0.64685535
0.048498213
0.9796978
0.96693766
0.05634591
0.883061
0.091573566
0.027510375
0.25853246
8.2075596e-05
0.9842413
0.6139675
0.92264545
0.980271
0.9878534
2.3245811e-06
0.998391
0.930015
0.029077858
0.95725214
0.8000494
0.92134523
1.2218952e-06
0.96831894
0.8642595
0.25956222
0.3690524
3.5762787e-07
0.65221816
0.0071536005
0.99821055
0.001052916
0.59992504
0.97464186
0.37758258
0.993338
1.9967556e-06
0.6230918
0.97987574
0.0022990108
0.0023603737
0.71796286
0.9810069
0.0021141171
0.74464625
0.05856517
0.41349858
0.96650654
0.562541
0.9898488
0.32437193
0.0008609593
0.98826575
0.0030664802
0.46854436
0.9677417
0.53185517
0.8398595
0.47882688
3.7163496e-05
0.06667307
0.0007736981
0.9739084
0.96843755
0.99590886
0.90575707
0.99897385
0.9696119
0.6231445
0.92381656
0.9958337
0.001371026
0.03137049
8.267164e-05
0.9936658
0.6691106
0.99448264
0.60933673
0.4026786
0.35242322
0.9040762
0.01668346
0.012072891
0.9960762
0.98714614
0.011614829
0.8174926
0.6912324
0.0058368742
0.008360505
0.46277013
0.98673403
1.3709068e-06
0.9994074
2.9802322e-07
0.5169497
0.9618199
0.14511052
0.9986499
0.9998554
0.99893904
0.078419805
0.020547241
0.99436265
0.63554245
0.044899136
0.9816217
0.00012180209
0.82765985
0.56207585
0.6350264
4.1007996e-05
0.9850724
0.3871138
0.9336461
0.9963026
0.604498
0.9718
0.34270278
0.0076726973
0.0636152
0.5809475
0.99643683
0.9922155
0.84694314
0.85650647
0.31756085
0.13683945
0.6463422
0.9999892
0.07419634
0.9176478
0.70795923
0.7178377
0.0030769706
0.009412795
0.043361068
0.40930992
0.011059642
0.030025303
0.23875931
0.81948745
0.005888611
0.98822397
0.21141824
0.99988997
0.0007557273
0.017248183
0.7443956
0.96806186
0.9994966
0.9846827
0.8250594
0.01820591
0.13232091
0.00012263656
0.9080475
0.31157702
0.008137286
0.9425137
0.0009187758
0.036838412
0.036954492
0.9824754
0.61136234
0.93328655
0.18115741
0.0
0.9765035
0.02993995
0.010932624
0.00023522973
0.9896218
0.030518532
0.43605846
0.95100933
0.9160596
0.00044298172
0.99820733
0.2644476
0.9999473
0.0053554177
0.54943496
0.99720705
0.9681619
0.98514754
0.9576725
0.78362215
0.0010921359
0.7058432
0.0
0.94318736
0.0014434457
0.4723318
0.035284996
1.7881393e-07
3.3974648e-06
8.368492e-05
6.2942505e-05
0.03213194
0.0
0.41796497
0.9318364
0.9945665
0.003230393
0.99621356
0.9360643
9.766221e-05
0.9980655
0.007634908
0.0008840561
0.18866804
0.7599404
0.00032261014
0.8771429
0.00010365248
0.97122467
0.9607353
6.3329935e-05
0.16246873
0.5734914
0.9967952
0.7828618
0.98164696
0.40145156
0.87975824
0.0029453933
0.9996785
0.9977422
0.9293686
0.98489654
0.95552635
0.34245396
0.023587316
0.34032947
0.122962266
0.8389194
0.96782434
0.9769881
0.15515089
0.031845957
0.20976147
0.0010925233
0.57497054
0.9234284
1.0550022e-05
0.47950894
0.031896055
0.46835515
0.99240375
0.006749928
0.68733335
0.8880711
0.29802865
0.7833123
0.002629429
0.94379914
0.44807068
0.19318607
0.0
0.013563961
0.7724803
0.00080242753
0.31066054
0.99974674
0.03210765
0.9992248
0.18894628
0.87109137
0.00017356873
0.009797782
0.11649203
9.059906e-05
0.012323439
0.89695084
0.5456553
0.9562948
0.9724541
0.09188497
0.9999703
0.94738054
0.8795637
0.96402776
0.99999833
0.7391374
0.06408611
0.96131957
0.86581546
0.0034552515
0.0014953911
0.97991496
1.1026859e-06
0.8361821
0.34268832
0.026142478
0.011917353
2.3841858e-07
0.9977528
0.9695263
0.9788191
0.91549385
0.0062310994
0.4501662
0.9739686
0.04953423
0.7948172
0.7615738
0.98101354
0.0020644367
0.9981879
0.9881362
0.7927486
4.634261e-05
0.97516465
0.76018906
0.9124946
0.95947385
0.64704704
0.9989636
0.83314496
0.008175105
5.13196e-05
0.95603
0.90122944
0.92451715
0.9314567
0.88937277
0.82425815
0.59001136
0.0023863018
3.835559e-05
0.26814634
0.4184747
0.9842118
0.58575475
0.44914696
0.7023799
0.14740577
0.99607474
0.01174131
0.00022298098
0.066144675
0.04581958
0.020446032
0.00033530593
0.9894912
0.47290957
0.0059097707
0.9991689
0.046671897
0.9339359
8.85129e-06
0.7018008
0.13766429
0.012651235
0.8108096
0.041024655
0.7736286
0.6033928
0.9889773
0.22820938
0.92916924
0.98647535
0.7020793
0.0036603808
0.00027915835
0.9796115
0.0001181066
0.01085338
0.9981421
0.034309328
0.89127326
0.62207866
0.00032392144
0.81592023
0.00051498413
0.99897885
0.17625454
0.021528482
0.9748565
0.91748667
0.78010297
0.99717665
0.5411116
0.4840482
0.00082048774
0.29761016
0.06627372
0.9995197
9.557605e-05
0.0025176406
0.6035205
0.00019845366
6.1154366e-05
0.7841675
0.96627635
0.5630919
0.0002219975
0.85220516
0.007069975
0.9994827
3.6656857e-06
0.051364303
0.99145645
0.9792752
0.9956442
0.9479245
0.13126004
3.6388636e-05
0.9946013
0.9986614
0.9915801
2.4050474e-05
0.8225894
0.0
0.22386199
0.64041185
0.95872736
0.50108534
0.99645483
0.81514513
0.77995116
0.008056998
4.172325e-07
0.98195535
0.053663492
0.1523729
0.29221874
0.21467206
0.95726013
0.63123477
0.40954238
0.19167379
0.99964106
0.87859076
0.5082003
0.89155674
0.18345845
0.15843034
0.7717743
0.98684955
0.020012468
0.6444958
0.40859538
0.99847806
0.33021718
0.004938364
0.79340374
9.834766e-07
0.020044953
0.0018844604
0.78631663
0.0013765395
0.006453842
0.090937376
4.8726797e-05
0.8365208
0.0016565621
0.011925161
0.7418419
0.027447999
0.0
0.017635018
0.71539986
0.9938767
1.6391277e-06
0.9988607
0.9984789
0.6637694
0.00073960423
0.9765912
4.172325e-07
0.050998807
0.9086053
0.25595897
0.9486055
0.7464358
0.43120897
0.998283
0.8557675
0.0001706183
0.784539
0.6892619
0.97880614
0.00042673945
0.89812744
0.14198542
0.29156005
0.37613174
0.0015503764
0.15511063
0.02510953
0.09415606
0.00045505166
0.00027140975
0.8475672
0.00010111928
0.017386645
0.00013777614
0.016677022
0.8691137
0.07640681
0.6069582
0.83562
0.28560024
0.9929081
0.2516023
0.09223068
0.0060322285
0.9734932
0.8324774
0.005246967
0.7375485
0.007419437
0.4818952
0.960654
0.9999461
0.026378244
0.8890442
0.098252624
0.0
0.99884707
0.3679365
3.9041042e-06
0.006008327
0.8721429
0.025242358
0.8471428
0.8973275
5.9604645e-08
0.99648243
0.34265572
0.095577866
0.9398949
0.98824203
0.8259411
0.056887448
0.9673353
0.99788857
0.79182005
0.43772528
0.9249109
0.20383433
0.053071618
0.00051656365
0.02867487
0.5062338
0.8550762
0.9991306
0.37076223
0.008272082
2.6524067e-06
0.9839219
0.9049091
0.99682975
0.017901361
0.165863
0.006245017
0.9428551
0.9895003
2.9802322e-08
0.4267377
0.7787779
0.19439164
0.060492665
0.98238444
0.18633458
0.7322604
0.9352901
0.03931141
0.9872345
2.9802322e-08
0.98947805
0.017394364
0.9272725
0.9840419
0.22281107
0.8514574
1.7285347e-06
0.0003671348
0.8092172
0.9975711
0.0010347664
3.695488e-06
0.98499465
0.5007639
0.9597306
0.2931735
0.9531582
0.01994732
0.99990135
0.022664785
0.9732202
0.9113422
0.00046613812
0.91788024
0.00032302737
0.9903401
0.9293089
0.11001608
1.21593475e-05
0.1336273
7.2717667e-06
0.00022563338
0.1141001
0.99921846
0.3856302
0.00031265616
0.5860253
1.4901161e-07
0.98706174
0.0029903054
0.9988166
0.26727986
0.21469802
0.00029182434
0.76815224
0.006610781
1.7881393e-07
0.9933507
0.004537493
0.9694203
4.7266483e-05
0.9953639
0.5541908
0.27825713
0.0028460026
0.6209425
0.0006647408
0.5643024
0.6484672
0.01815489
5.5640936e-05
0.9941937
0.99944663
0.848727
0.3689294
0.00016480684
0.0
0.298626
0.24909967
0.9911312
8.9138746e-05
0.68720514
0.83768535
0.0061911643
0.98517716
0.42476004
0.5467067
0.88040566
0.21057358
0.8195442
0.81329954
0.70456415
0.8276727
0.99631995
0.357942
0.32719713
0.00595358
0.9645169
0.00014746189
0.0
0.0017146766
0.91811705
0.30745262
0.01168412
0.5553474
0.97092664
0.94985706
0.0022517145
4.506111e-05
0.9943348
0.2001121
0.9873841
0.025781035
0.982687
0.75517225
0.5984739
0.029188067
0.14724013
0.30038577
0.94672424
0.8954804
0.0018315911
0.007756144
0.7671355
0.9570683
0.9829743
0.120440185
0.8189076
0.9001628
0.9849466
0.025498629
0.8792541
0.9593433
0.9568758
0.9441209
0.89959705
0.00019159913
0.050499707
0.24838707
0.9717755
0.115199864
0.08535972
0.98300654
0.00039491057
0.9940945
0.17950082
0.013294339
0.50384927
0.9728087
0.9997182
0.41414124
0.000346452
0.0001975894
0.6898845
0.08974388
0.9874431
0.9694633
5.5462122e-05
0.0019548237
0.84527075
0.9754386
0.864403
1.3709068e-06
0.67709863
0.798394
0.99544656
0.5490495
0.055161268
0.79006374
0.0
0.6597275
0.10143575
0.0073115528
0.6405263
0.5242525
0.9213206
0.9835011
0.00018626451
0.513814
0.1776056
0.3681177
0.998304
0.9994494
0.093069464
0.9995477
0.08761561
0.7235427
0.9721686
0.97896993
0.9999089
0.16735673
0.35527328
0.06003371
0.9760848
0.95869935
0.97041845
0.76693434
0.00011450052
0.073717415
5.662441e-07
0.0015267134
0.864894
0.99582297
0.0
0.005674094
0.99583757
0.7873931
0.97446203
0.99883854
0.72919667
6.714463e-05
0.00010815263
0.93956745
0.74378645
0.14625645
0.8990596
0.6720439
0.10977003
0.38184118
0.055436462
0.0029642284
0.00025984645
0.113480955
0.94922554
0.655449
0.060666412
0.78670394
0.0075521767
0.99868286
0.9574702
0.9958284
0.004133165
0.77182424
0.0006620288
0.67093074
0.018857539
4.3809414e-05
0.020234555
0.12635723
0.000349015
0.011125177
0.241837
0.0019280314
0.9943352
0.45523956
0.5230763
0.13506714
0.2701367
0.2044012
0.965289
0.94144195
0.2589202
0.80074334
0.90586597
0.9561945
0.62468773
0.3757699
0.66999936
0.99957585
3.325939e-05
0.9774114
0.9210651
0.85812795
0.20335725
0.19324103
0.62979335
0.9239603
0.0066512227
0.93792176
6.490946e-05
0.36356303
0.08611703
0.027406007
0.0014311075
0.9602411
0.049731165
0.01410073
0.20310158
0.99838805
0.73678434
0.00061535835
0.06879872
0.0018612742
0.9972894
0.98777366
0.23747051
0.78839755
0.703174
0.013268769
0.9464942
0.06658691
0.00023290515
0.99965334
0.007966012
0.20182037
0.94942474
0.92882323
0.99121535
0.998989
0.62212527
0.9151618
0.9951112
0.5491226
0.35525465
5.632639e-06
0.9957117
0.81509495
0.08326146
0.9777217
0.09245601
0.6851337
0.9408591
6.377697e-06
0.87693506
0.5171574
0.65226877
0.95679706
0.6008675
0.0006892085
2.026558e-06
0.9237468
0.00096827745
0.017589092
7.495284e-05
0.02301678
0.99804485
0.046558946
0.4996099
0.04188925
0.0033372939
0.58359206
0.4366026
0.0017192662
0.9940429
0.0007264018
0.99825513
0.954941
0.0008341968
0.99031687
7.748604e-07
0.8148251
0.655342
0.9281316
0.9708047
0.3425368
0.9924597
0.005273789
0.81876373
0.00019091368
0.99436426
0.9198533
0.60220414
0.9474337
0.99439645
0.3010724
0.0013404787
0.03906569
0.571788
0.8430338
0.18678623
0.97608316
0.98328465
0.00044566393
4.1007996e-05
0.647948
0.0033752024
0.3642258
5.364418e-07
0.75644445
0.00015959144
0.9860607
0.052224725
0.99800897
0.43237773
0.4713738
0.00022757053
0.9542382
0.0
0.0
0.6252029
0.6509559
0.0014719665
0.8908111
0.1332103
0.7414973
0.9994136
0.93271685
0.807927
0.9994796
0.56537503
0.0011238456
1.4454126e-05
0.06046793
0.9967264
1.3411045e-06
0.34493315
0.9483477
0.97502553
0.8475101
0.84342575
0.9431118
0.7906006
0.9587114
0.9554107
0.21255425
1.6391277e-06
0.9789585
0.29085052
0.032716453
0.07936221
0.9377902
0.9979793
0.00033798814
0.47068238
0.70269024
0.04752624
0.11624873
0.9236787
0.80218446
0.0
1.6957521e-05
0.98119366
0.044340223
0.9997783
0.985063
0.046713293
0.5070464
0.4434052
0.9686876
0.75442183
0.11920127
0.008683473
0.00576514
0.5735768
0.0045858026
0.00037273765
0.94099474
0.09205887
0.0
9.745359e-06
0.021298021
0.92202336
0.75224406
0.9862272
0.14163673
0.94356215
0.0002886653
0.08295858
0.0024915636
0.18778059
0.9966359
0.23734078
0.56596583
1.1861324e-05
0.9999132
0.9430579
0.86447036
0.785913
0.0006838739
0.9682131
0.0013857484
0.895409
0.0014546812
0.00052189827
0.98990035
0.9559896
0.9913941
0.21304616
0.38537115
0.824798
0.99467266
0.0
0.00070780516
0.7871834
0.9038765
7.4505806e-07
0.69506085
0.94117963
0.5032784
7.6025724e-05
0.0663794
0.000729084
0.9819013
0.9590364
0.09224036
0.61424935
0.9943905
0.99460846
0.9927604
0.772899
0.97568583
0.6105051
0.027687937
0.99935824
0.9928997
0.00013154745
0.99615765
0.966991
0.6927188
0.72840756
0.9640746
0.99940836
0.03121075
0.022020698
0.9538376
0.7434987
0.0052553713
0.99824417
0.005129069
0.90324914
0.6416431
0.9297789
0.017667115
0.023497552
0.9923979
0.037955463
0.64058566
0.81944233
0.0
0.07136902
0.99963784
0.0029052496
0.9608549
0.9885329
0.2617616
0.9991835
0.049526006
0.9411404
0.0010972619
0.6143798
0.25440815
0.92154515
0.6669767
0.05723703
0.016391098
0.5130225
0.6844875
0.008654475
0.122803986
0.6214127
0.9999224
0.98977906
0.19291565
0.40486842
0.0016848445
0.99343026
0.8949151
4.374981e-05
0.9899864
0.05550593
0.9820015
0.7256085
0.00016015768
0.73537314
0.06836739
6.2584877e-07
0.13082838
0.6918396
0.9907811
0.99073386
0.9555967
0.87069774
7.981062e-05
0.9500983
0.0115045905
0.0038879216
0.0015081465
0.006664902
0.8226273
0.0091276765
0.058545917
0.36289838
0.0
0.5702551
0.99829614
0.933311
0.99966216
0.0061324835
0.00023648143
0.9799448
0.9944186
0.8219079
0.060126424
3.5762787e-07
0.71430373
0.72692347
0.9986044
0.07287845
0.99998254
0.011450052
0.7608509
0.4049154
0.982119
0.3755612
0.96984625
0.52201086
0.98468554
0.46560898
0.010607779
0.45623064
0.4596578
4.029274e-05
0.7958588
0.13656348
0.9999429
8.940697e-08
0.62411296
0.99292433
0.13814771
0.8553113
6.2584877e-07
0.9132993
0.9910927
0.019888937
0.8241464
0.8929318
0.075410455
0.76899415
0.0046761334
5.4836273e-06
0.19000658
2.9951334e-05
0.00016117096
0.92734873
0.7976007
0.001403451
0.9998659
0.72629195
0.00010830164
0.9997233
0.6993274
0.9896935
0.8438366
0.9977137
0.060732484
0.99718195
0.0
0.91735864
0.920074
0.99095446
0.55878776
0.02751109
0.43896976
0.04982847
0.98363733
0.122463614
0.9746791
0.98440504
0.27574986
0.11626747
0.7666778
0.9687457
0.93145704
0.263721
0.0007737577
0.882233
7.1525574e-07
0.0018368363
0.38703588
0.98678434
0.08920273
0.7951734
0.012101829
0.9887947
0.43439126
0.0025103092
3.5762787e-07
0.9967718
0.56093335
0.9818535
0.3954459
0.93125045
0.3975349
0.06557435
0.9849092
0.00072690845
0.9994475
0.32003474
0.865741
0.9641659
